15 2
15 2
<<<<<<< HEAD
15 3
15 3
15 4
15 5
10 5
11 5
12 5
13 5
14 5
15 5
10 5
10 6
10 7
10 7
10 7
11 7
12 7
11 7
12 7
11 7
12 7
12 7
12 8
12 9
12 10
12 7
12 8
12 9
12 10
10 7
11 7
12 7
10 7
10 7
10 7
10 7
10 8
10 9
10 9
10 10
10 11
10 12
10 13
10 13
11 13
12 13
13 13
13 12
13 13
13 9
13 10
13 11
13 12
13 9
14 9
15 9
16 9
17 9
18 9
18 4
18 5
18 6
18 7
18 8
18 9
18 4
19 4
20 4
21 4
21 2
21 3
21 4
21 2
21 2
21 3
21 4
21 5
21 6
21 6
21 7
21 8
21 9
21 10
21 11
18 11
19 11
20 11
21 11
18 11
19 11
19 8
19 9
19 10
19 11
19 8
19 9
19 10
19 10
19 11
19 12
19 13
19 14
19 14
19 15
19 16
19 17
19 17
19 18
19 19
19 20
19 21
19 22
19 22
20 22
21 22
21 17
21 18
=======
16 2
17 2
18 2
19 2
15 2
16 2
17 2
18 2
19 2
15 2
16 2
17 2
18 2
19 2
20 2
20 2
20 3
20 4
20 4
20 5
20 6
20 7
20 8
20 9
20 9
20 10
20 11
18 11
19 11
20 11
18 11
19 11
20 11
20 11
20 11
20 11
21 11
21 11
21 12
21 13
21 13
21 13
21 12
21 13
21 12
21 12
21 13
21 14
21 15
21 15
22 15
22 15
22 16
22 17
22 18
22 19
22 14
22 15
22 16
22 17
22 18
22 19
22 14
22 15
22 16
22 17
17 17
18 17
19 17
20 17
21 17
22 17
17 17
18 17
19 17
20 17
20 17
20 18
20 19
20 20
20 20
20 21
20 22
20 23
20 22
20 23
20 22
21 22
21 22
21 23
>>>>>>> 2ea9f76614ff0e11ef56b1200f2c9885645d2024
21 19
21 20
21 21
21 22
<<<<<<< HEAD
21 17
22 17
22 13
22 14
22 15
22 16
22 17
22 13
22 14
22 15
22 16
22 17
22 18
18 18
19 18
20 18
21 18
22 18
18 18
19 18
20 18
21 18
21 18
21 19
21 20
16 20
17 20
18 20
19 20
20 20
21 20
15 20
16 20
15 20
15 21
15 22
15 23
15 18
15 19
15 20
15 21
15 22
15 23
11 18
12 18
13 18
14 18
15 18
11 16
11 17
11 18
11 16
7 16
8 16
9 16
10 16
11 16
3 16
4 16
5 16
6 16
7 16
2 16
3 16
2 16
3 16
3 16
3 17
3 18
3 19
=======
21 23
21 19
21 20
21 21
21 22
21 23
21 24
21 24
21 19
21 20
21 21
21 22
21 23
21 24
21 19
21 20
21 21
21 22
21 23
21 24
21 23
21 24
21 19
21 20
21 21
21 22
21 23
19 19
20 19
21 19
14 19
15 19
16 19
17 19
18 19
19 19
14 19
10 19
11 19
12 19
13 19
14 19
10 15
10 16
10 17
10 18
10 19
10 15
10 16
10 17
10 18
10 18
11 18
12 18
13 18
13 18
13 19
13 20
13 21
13 22
13 23
9 23
10 23
11 23
12 23
13 23
9 20
9 21
9 22
9 23
9 20
6 20
7 20
8 20
9 20
6 20
6 21
6 22
6 22
7 22
8 22
9 22
10 22
11 22
11 22
11 23
11 24
11 25
11 25
11 25
11 26
11 27
11 28
11 29
11 27
11 28
11 29
10 27
11 27
10 25
10 26
10 27
10 25
10 24
10 25
10 24
10 25
10 23
10 24
10 25
8 23
9 23
10 23
8 22
8 23
8 18
8 19
8 20
8 21
8 22
6 18
7 18
8 18
6 18
7 18
8 18
9 18
10 18
10 18
11 18
12 18
13 18
13 14
13 15
13 16
13 17
13 18
13 14
13 15
13 16
13 17
12 17
13 17
12 17
12 18
12 19
12 20
12 21
12 21
12 22
12 23
12 24
12 25
12 25
13 25
14 25
15 25
15 25
10 25
11 25
12 25
13 25
14 25
15 25
10 25
10 25
10 26
10 27
10 27
10 23
10 24
10 25
10 26
10 27
5 23
6 23
7 23
8 23
9 23
10 23
5 23
5 18
5 19
5 20
5 21
5 22
5 23
3 18
4 18
5 18
>>>>>>> 2ea9f76614ff0e11ef56b1200f2c9885645d2024
3 14
3 15
3 16
3 17
3 18
<<<<<<< HEAD
3 19
3 14
3 15
3 16
3 17
3 18
3 18
3 19
3 20
3 21
3 21
3 22
3 23
3 24
3 25
3 26
3 26
4 26
=======
3 14
2 14
3 14
2 14
2 14
2 15
2 16
2 17
2 17
2 14
2 15
2 16
2 17
2 14
3 14
4 14
5 14
5 14
5 15
5 16
5 17
2 17
3 17
4 17
5 17
2 17
3 17
4 17
5 17
5 17
5 17
5 17
5 18
5 19
5 20
5 21
5 22
5 17
5 18
5 19
5 20
5 21
5 22
5 14
5 15
5 16
5 17
5 14
5 15
5 16
5 16
5 17
5 18
5 18
6 18
7 18
8 18
8 13
8 14
8 15
8 16
8 17
8 18
8 13
8 9
8 10
8 11
8 12
8 13
8 9
8 10
8 11
8 12
8 13
8 13
9 13
10 13
11 13
12 13
13 13
13 13
14 13
15 13
15 13
16 13
17 13
18 13
19 13
14 13
15 13
16 13
17 13
18 13
19 13
11 13
12 13
13 13
14 13
11 13
12 13
13 13
14 13
14 13
14 14
14 15
14 16
14 17
14 14
14 15
14 16
14 17
14 14
14 15
14 13
14 14
14 15
14 13
15 13
16 13
16 13
17 13
18 13
18 9
18 10
18 11
18 12
18 13
18 9
18 10
13 10
14 10
15 10
16 10
17 10
18 10
13 10
13 10
13 11
13 12
13 13
13 14
13 14
14 14
15 14
15 14
15 15
15 16
15 16
16 16
17 16
18 16
18 16
19 16
20 16
21 16
22 16
22 16
22 17
22 18
22 19
22 20
22 21
19 21
20 21
21 21
22 21
19 21
20 21
21 21
21 21
21 22
21 23
21 24
21 25
21 26
21 22
21 23
21 24
21 25
21 26
21 22
21 23
21 24
21 25
21 26
21 27
21 23
21 24
21 25
21 26
21 27
16 23
17 23
18 23
19 23
20 23
21 23
16 23
17 23
18 23
19 23
20 23
21 23
21 23
21 24
21 25
21 26
21 27
21 22
21 23
21 24
21 25
21 26
21 27
21 22
22 22
22 22
22 22
19 22
20 22
21 22
22 22
19 22
19 22
19 23
19 24
19 25
19 26
19 27
17 27
18 27
19 27
17 22
17 23
17 24
17 25
17 26
17 27
17 22
17 22
17 17
17 18
17 19
17 20
17 21
17 22
12 17
13 17
14 17
15 17
16 17
17 17
12 17
12 18
12 19
12 20
12 21
12 22
12 22
12 23
12 24
12 25
12 26
8 26
9 26
10 26
11 26
12 26
>>>>>>> 2ea9f76614ff0e11ef56b1200f2c9885645d2024
5 26
6 26
7 26
8 26
<<<<<<< HEAD
8 26
8 27
8 28
8 28
8 29
8 30
6 30
7 30
8 30
6 27
6 28
6 29
6 30
6 23
6 24
6 25
6 26
6 27
6 23
6 23
7 23
7 23
7 24
7 24
7 25
7 26
7 26
8 26
8 23
8 24
8 25
8 26
8 23
8 24
8 25
8 26
8 27
8 28
8 28
8 29
8 30
8 31
8 32
8 32
8 33
8 34
8 34
8 35
8 36
8 37
8 37
8 38
8 38
8 39
8 40
8 41
8 41
9 41
9 41
9 42
9 43
9 44
9 45
9 45
10 45
11 45
12 45
12 45
13 45
14 45
15 45
16 45
14 45
15 45
16 45
14 45
14 46
14 47
14 48
14 48
14 49
14 50
14 51
14 52
14 53
14 53
14 54
10 54
11 54
12 54
13 54
14 54
10 51
10 52
10 53
10 54
=======
2 26
3 26
4 26
5 26
2 26
2 27
2 28
2 28
2 28
2 29
2 29
2 29
3 29
4 29
5 29
6 29
7 29
6 29
7 29
6 29
6 30
6 31
6 32
6 32
6 33
6 34
5 34
6 34
5 34
6 34
7 34
8 34
9 34
10 34
10 34
9 34
10 34
9 34
9 35
9 36
9 37
9 38
9 39
9 35
9 36
9 37
9 38
9 39
9 35
9 36
9 37
9 38
9 39
9 40
9 35
9 36
9 37
9 38
9 39
9 40
9 35
10 35
11 35
11 35
11 36
11 37
11 38
11 39
11 40
11 40
11 36
11 37
11 38
11 39
11 40
11 36
11 37
11 32
11 33
11 34
11 35
11 36
11 37
7 32
8 32
9 32
10 32
11 32
7 32
7 33
7 34
7 35
7 36
7 36
8 36
9 36
10 36
10 36
10 37
10 38
10 39
9 39
10 39
9 39
4 39
5 39
6 39
7 39
8 39
9 39
4 39
4 36
4 37
4 38
4 39
4 36
4 36
4 37
4 37
5 37
6 37
7 37
7 37
7 38
7 39
7 40
7 40
7 41
7 41
7 42
7 37
7 38
7 39
7 40
7 41
7 42
7 37
7 38
7 39
7 40
7 41
7 38
7 39
7 40
7 41
7 38
7 33
7 34
7 35
7 36
7 37
7 38
7 33
7 34
7 35
7 36
7 36
2 36
3 36
4 36
5 36
6 36
7 36
2 35
2 36
2 35
2 36
2 37
2 38
2 39
2 40
2 40
3 40
3 40
3 41
3 42
3 43
3 43
4 43
4 43
5 43
6 43
7 43
8 43
8 43
8 44
8 45
8 46
8 47
8 48
8 48
8 49
8 50
8 51
8 52
8 52
9 52
10 52
11 52
11 52
11 53
11 53
12 53
13 53
14 53
14 53
15 53
15 53
15 48
15 49
15 50
15 51
15 52
15 53
15 48
15 49
15 50
15 51
15 51
11 51
12 51
13 51
14 51
15 51
10 51
11 51
7 51
8 51
9 51
10 51
7 51
7 52
7 53
7 54
7 55
7 55
8 55
9 55
4 55
5 55
6 55
7 55
8 55
9 55
3 55
4 55
3 55
4 55
4 55
5 55
5 51
5 52
5 53
5 54
5 55
5 51
6 51
7 51
8 51
9 51
10 51
>>>>>>> 2ea9f76614ff0e11ef56b1200f2c9885645d2024
10 51
11 51
12 51
13 51
14 51
15 51
15 51
<<<<<<< HEAD
15 52
15 53
13 53
14 53
15 53
13 53
13 53
13 53
13 54
13 55
13 56
13 57
13 57
14 57
15 57
16 57
17 57
17 57
17 52
17 53
17 54
17 55
17 56
17 57
17 52
17 53
17 54
17 55
17 55
17 56
17 57
17 58
17 59
17 59
17 60
17 61
17 62
17 63
17 64
12 64
13 64
14 64
15 64
16 64
17 64
12 64
13 64
14 64
15 64
16 64
17 64
17 64
17 65
17 66
17 67
17 68
17 69
17 69
18 69
19 69
20 69
21 69
22 69
22 69
22 69
22 70
22 71
22 72
22 73
21 73
22 73
21 73
21 74
21 75
21 76
21 77
20 77
21 77
20 77
21 77
21 73
21 74
21 75
21 76
21 77
21 69
21 70
21 71
21 72
21 73
21 65
21 66
21 67
21 68
21 69
21 61
21 62
21 63
21 64
21 65
21 61
21 62
21 63
21 64
21 64
21 65
21 62
21 63
21 64
21 65
21 62
21 63
21 64
21 65
21 66
21 67
21 67
21 67
21 68
21 69
21 70
21 70
21 65
21 66
21 67
21 68
21 69
21 70
21 62
21 63
21 64
21 65
21 57
21 58
21 59
21 60
21 61
21 62
21 57
21 57
21 57
17 57
18 57
19 57
20 57
21 57
17 57
17 57
17 57
18 57
19 57
19 57
19 58
14 58
15 58
16 58
17 58
18 58
19 58
11 58
12 58
13 58
14 58
11 58
11 59
11 60
11 61
=======
16 51
16 51
16 52
16 52
16 53
16 54
16 55
16 55
16 56
16 57
16 58
16 59
16 59
16 59
16 60
16 60
16 61
16 62
16 63
16 64
16 65
11 65
12 65
13 65
14 65
15 65
16 65
11 65
11 66
11 66
12 66
13 66
14 66
15 66
15 66
15 62
15 63
15 64
15 65
15 66
15 62
16 62
14 62
15 62
16 62
14 62
15 62
16 62
17 62
18 62
19 62
19 62
20 62
21 62
21 62
21 62
21 62
22 62
17 62
18 62
19 62
20 62
21 62
22 62
17 62
17 63
17 64
17 64
17 64
18 64
19 64
19 64
19 65
19 66
19 67
19 65
19 66
19 67
19 65
19 66
19 66
19 67
19 67
15 67
16 67
17 67
18 67
19 67
15 67
16 67
17 67
18 67
19 67
20 67
17 67
18 67
19 67
20 67
12 67
13 67
14 67
15 67
16 67
17 67
12 67
12 68
12 68
13 68
13 68
13 68
14 68
15 68
16 68
17 68
17 68
18 68
19 68
20 68
21 68
22 68
22 68
22 69
22 70
22 71
22 71
19 71
20 71
21 71
22 71
19 71
19 71
19 71
20 71
17 71
18 71
19 71
20 71
13 71
14 71
15 71
16 71
17 71
13 71
13 68
13 69
13 70
13 71
13 68
10 68
11 68
12 68
13 68
6 68
7 68
8 68
9 68
10 68
6 68
7 68
8 68
9 68
10 68
11 68
11 68
11 68
12 68
13 68
14 68
15 68
15 68
15 69
15 70
15 71
15 72
15 72
15 73
15 74
15 75
15 76
15 77
15 77
15 78
15 79
15 80
15 80
16 80
17 80
17 79
17 80
17 75
17 76
17 77
17 78
17 79
17 75
18 75
19 75
20 75
21 75
16 75
17 75
18 75
19 75
20 75
21 75
16 70
16 71
16 72
16 73
16 74
16 75
12 70
13 70
14 70
15 70
16 70
12 66
12 67
12 68
12 69
12 70
11 66
12 66
11 64
11 65
11 66
11 64
12 64
13 64
14 64
15 64
15 64
16 64
17 64
18 64
19 64
20 64
20 64
20 65
20 66
20 67
20 68
20 69
20 69
20 65
20 66
20 67
20 68
20 69
18 65
19 65
20 65
16 65
17 65
18 65
16 61
16 62
16 63
16 64
16 65
13 61
14 61
15 61
16 61
13 61
13 61
13 62
13 63
13 64
13 65
13 65
12 65
13 65
12 65
12 66
12 65
12 66
12 65
12 66
12 67
12 68
12 68
13 68
14 68
14 66
14 67
14 68
13 66
14 66
10 66
11 66
12 66
13 66
10 66
11 66
12 66
12 62
12 63
12 64
12 65
12 66
12 62
12 63
12 64
12 65
12 66
12 67
12 62
12 63
12 64
12 65
12 66
12 67
12 61
12 62
7 61
>>>>>>> 2ea9f76614ff0e11ef56b1200f2c9885645d2024
8 61
9 61
10 61
11 61
<<<<<<< HEAD
8 61
8 62
8 63
8 61
8 62
8 63
8 61
8 61
8 61
9 61
9 58
9 59
9 60
9 61
9 57
9 58
9 53
9 54
9 55
9 56
9 57
9 50
9 51
9 52
9 53
9 50
9 51
4 51
5 51
6 51
7 51
8 51
9 51
4 51
4 52
4 53
4 54
4 55
2 55
3 55
4 55
2 55
2 56
2 57
2 58
2 58
2 55
2 56
2 57
2 58
2 55
2 56
2 56
3 56
4 56
5 56
5 56
5 56
5 55
5 56
5 55
5 52
5 53
5 54
5 55
5 52
5 53
5 54
5 55
5 56
5 56
5 56
5 57
5 58
5 58
5 58
5 59
5 60
5 61
5 61
5 62
5 63
5 64
5 64
6 64
7 64
7 61
7 62
7 63
7 64
7 61
7 61
=======
12 61
7 59
7 60
7 61
7 59
7 60
7 61
7 60
7 61
7 55
>>>>>>> 2ea9f76614ff0e11ef56b1200f2c9885645d2024
7 56
7 57
7 58
7 59
7 60
<<<<<<< HEAD
7 61
7 53
7 54
7 55
7 56
7 53
8 53
9 53
10 53
11 53
12 53
12 48
12 49
12 50
12 51
12 52
12 53
12 48
13 48
14 48
15 48
16 48
17 48
17 48
17 48
17 47
17 48
17 47
17 48
17 49
17 49
17 49
14 49
15 49
16 49
17 49
14 49
15 49
16 49
17 49
17 49
18 49
19 49
20 49
21 49
22 49
22 49
22 50
22 51
22 52
22 53
22 54
22 54
20 54
21 54
22 54
16 54
17 54
18 54
19 54
20 54
16 54
16 55
16 56
16 57
16 58
16 58
16 59
16 60
16 61
16 62
16 62
17 62
18 62
19 62
19 59
19 60
19 61
19 62
18 59
19 59
18 59
18 60
18 61
18 61
18 62
18 63
18 61
18 62
18 63
18 61
19 61
20 61
20 57
20 58
20 59
20 60
20 61
20 57
20 58
20 59
20 60
20 61
20 61
21 61
21 61
21 62
21 63
21 64
21 59
21 60
21 61
21 62
21 63
21 64
21 57
21 58
21 59
21 52
21 53
21 54
21 55
21 56
21 57
21 52
21 53
21 54
21 55
21 56
21 56
21 57
21 58
21 59
21 55
21 56
21 57
21 58
21 59
21 55
21 54
21 55
21 51
21 52
21 53
21 54
21 51
21 52
21 53
18 53
19 53
20 53
21 53
18 53
18 53
18 54
18 55
18 56
18 57
18 58
18 58
19 58
20 58
21 58
22 58
22 58
22 59
22 60
22 61
22 61
22 61
22 60
22 61
19 60
20 60
21 60
22 60
19 57
19 58
19 59
19 60
19 56
19 57
19 56
19 57
19 58
19 59
19 60
14 60
15 60
16 60
17 60
18 60
19 60
14 60
14 58
14 59
14 60
14 58
14 58
14 59
14 60
14 61
14 61
15 61
16 61
17 61
17 57
17 58
17 59
17 60
17 61
12 57
13 57
14 57
15 57
16 57
17 57
=======
7 55
7 55
7 56
7 57
7 58
7 59
7 59
8 59
9 59
10 59
10 59
11 59
12 59
13 59
14 59
10 59
11 59
12 59
13 59
14 59
5 59
6 59
7 59
8 59
9 59
10 59
5 59
6 59
7 59
8 59
7 59
8 59
7 55
7 56
7 57
7 58
7 59
7 55
7 55
7 56
7 57
7 57
8 57
>>>>>>> 2ea9f76614ff0e11ef56b1200f2c9885645d2024
9 57
10 57
11 57
12 57
<<<<<<< HEAD
9 57
9 58
9 59
9 60
9 61
9 62
9 62
8 62
9 62
4 62
5 62
6 62
7 62
8 62
4 62
4 62
4 62
4 63
4 63
4 64
4 65
4 66
4 67
4 64
4 65
4 66
4 67
4 61
4 62
4 63
4 64
4 61
4 62
4 63
4 64
4 61
4 62
4 63
4 64
4 61
5 61
6 61
7 61
5 61
6 61
7 61
5 61
5 62
5 62
6 62
7 62
7 62
7 63
7 64
7 65
2 65
3 65
4 65
5 65
6 65
7 65
2 60
2 61
2 62
2 63
2 64
2 65
2 60
3 60
4 60
4 60
4 60
4 61
4 62
4 63
4 63
4 63
4 64
4 65
4 66
4 67
4 68
4 68
4 69
4 69
4 69
4 69
5 69
6 69
6 69
7 69
7 67
7 68
7 69
7 67
7 68
7 68
7 69
7 70
7 71
7 72
7 72
7 71
7 72
7 67
7 68
7 69
7 70
7 71
7 67
7 67
8 67
9 67
9 67
9 68
9 69
9 70
9 70
9 71
9 72
9 73
9 74
9 74
9 75
9 76
9 77
9 78
9 78
8 78
9 78
8 75
8 76
8 77
8 78
8 73
8 74
8 75
8 73
8 74
8 75
8 75
8 76
8 77
8 78
8 79
8 76
8 77
8 78
8 79
8 76
9 76
10 76
11 76
12 76
12 73
12 74
12 75
12 76
10 73
11 73
12 73
10 73
10 74
10 75
10 75
11 75
11 75
11 76
11 77
11 78
11 77
11 78
11 77
11 78
11 79
11 78
11 79
11 75
11 76
11 77
11 78
10 75
11 75
10 75
10 76
10 77
10 77
10 78
10 79
10 80
10 81
=======
12 57
12 57
12 58
12 59
12 60
12 61
12 58
12 59
12 60
12 61
12 58
12 59
12 60
12 60
13 60
13 60
13 61
13 62
13 62
14 62
14 62
14 63
14 64
14 65
14 66
14 65
14 66
9 65
10 65
11 65
12 65
13 65
14 65
8 65
9 65
6 65
7 65
8 65
4 65
5 65
6 65
4 65
5 65
6 65
6 65
6 66
6 67
6 68
6 69
6 69
7 69
8 69
7 69
8 69
7 69
8 69
9 69
10 69
11 69
12 69
8 69
9 69
10 69
11 69
12 69
8 69
8 70
8 71
8 66
8 67
8 68
8 69
8 70
8 71
8 66
9 66
10 66
11 66
11 62
11 63
11 64
11 65
11 66
11 62
11 62
12 62
13 62
14 62
14 58
14 59
14 60
14 61
14 62
14 58
14 59
14 59
14 59
15 59
16 59
16 59
16 60
16 61
16 62
14 62
15 62
16 62
14 62
15 62
16 62
16 62
17 62
16 62
17 62
16 62
16 63
16 64
12 64
13 64
14 64
15 64
16 64
12 64
12 64
12 65
12 66
12 67
12 68
12 69
12 69
12 69
13 69
13 64
13 65
13 66
13 67
13 68
13 69
13 64
13 65
13 66
13 66
13 67
13 68
13 69
13 69
13 70
13 71
13 72
13 73
13 74
13 74
14 74
15 74
16 74
16 74
16 74
16 75
16 75
17 75
18 75
19 75
20 75
19 75
20 75
19 75
19 76
19 77
19 78
19 79
19 79
19 80
19 81
19 81
19 81
19 81
19 81
15 81
16 81
17 81
18 81
19 81
15 81
15 82
15 83
15 84
15 85
15 85
12 85
13 85
14 85
15 85
12 85
13 85
14 85
15 85
15 85
15 86
15 87
10 87
11 87
12 87
13 87
14 87
15 87
10 87
10 88
10 89
10 90
10 91
10 92
7 92
8 92
9 92
10 92
3 92
4 92
5 92
6 92
7 92
3 87
3 88
3 89
3 90
3 91
3 92
3 86
3 87
3 86
3 86
4 86
5 86
6 86
6 81
6 82
6 83
6 84
6 85
6 86
6 81
6 82
6 83
6 84
6 85
6 86
6 86
7 86
8 86
9 86
10 86
10 86
10 86
10 87
10 88
10 89
10 90
10 91
10 91
10 92
10 88
10 89
10 90
10 91
10 92
10 88
10 88
10 88
10 88
10 89
10 90
9 90
10 90
9 86
9 87
9 88
9 89
9 90
9 86
10 86
7 86
8 86
9 86
10 86
7 86
8 86
9 86
10 86
11 86
11 81
11 82
11 83
11 84
11 85
11 86
9 81
10 81
11 81
9 81
9 78
9 79
9 80
9 81
9 78
6 78
7 78
8 78
9 78
6 78
6 79
6 80
6 81
6 81
7 81
7 81
7 82
7 83
7 84
7 85
7 85
7 85
7 86
7 86
7 84
7 85
7 86
7 80
7 81
7 82
7 83
7 84
7 80
7 80
8 80
9 80
10 80
8 80
9 80
10 80
8 80
9 80
10 80
11 80
11 78
11 79
11 80
6 78
7 78
8 78
9 78
10 78
11 78
6 78
6 79
6 80
6 81
6 82
4 82
5 82
6 82
4 82
4 83
4 83
5 83
6 83
7 83
8 83
9 83
9 80
9 81
9 82
9 83
9 80
9 81
9 82
9 80
9 81
9 82
7 80
8 80
9 80
2 80
3 80
4 80
5 80
6 80
7 80
2 80
3 80
4 80
5 80
5 80
5 81
5 82
5 82
5 82
6 82
7 82
8 82
8 82
9 82
>>>>>>> 2ea9f76614ff0e11ef56b1200f2c9885645d2024
10 82
10 82
10 83
10 84
10 85
<<<<<<< HEAD
10 86
10 86
10 87
10 88
10 88
11 88
12 88
10 88
11 88
12 88
10 88
10 83
=======
10 85
10 86
10 87
10 84
10 85
10 86
10 87
10 84
10 85
10 86
10 87
10 88
10 89
>>>>>>> 2ea9f76614ff0e11ef56b1200f2c9885645d2024
10 84
10 85
10 86
10 87
10 88
<<<<<<< HEAD
10 83
11 83
12 83
12 82
12 83
12 81
12 82
12 81
12 79
12 80
12 81
12 79
12 80
12 81
8 81
9 81
10 81
11 81
12 81
3 81
4 81
5 81
6 81
7 81
8 81
3 81
3 82
3 83
3 83
4 83
5 83
6 83
6 83
6 84
6 85
6 86
6 87
6 88
6 88
6 89
6 89
5 89
6 89
5 89
5 89
6 89
7 89
7 89
8 89
8 89
8 90
8 91
8 92
8 93
8 94
8 89
8 90
8 91
8 92
8 93
8 94
8 89
8 90
8 91
8 91
9 91
10 91
7 91
8 91
9 91
10 91
7 91
7 91
8 91
9 91
10 91
11 91
12 91
12 91
13 91
14 91
15 91
16 91
17 91
17 91
17 92
17 93
17 94
17 95
17 95
17 96
17 97
12 97
13 97
14 97
15 97
16 97
17 97
12 97
=======
10 89
10 80
10 81
10 82
10 83
10 84
10 79
10 80
10 77
10 78
10 79
10 77
11 77
12 77
12 72
12 73
12 74
12 75
12 76
12 77
12 72
12 73
12 74
12 75
12 76
12 77
12 77
12 78
12 78
12 79
12 80
12 81
12 80
12 81
12 80
12 81
12 82
12 83
12 83
12 84
12 85
12 86
12 87
12 87
13 87
13 87
13 88
13 89
13 89
13 90
13 91
13 92
13 89
13 90
13 91
13 92
13 89
14 89
15 89
15 89
15 90
15 91
15 92
15 93
15 93
13 93
14 93
15 93
13 93
13 94
13 95
13 96
13 92
13 93
13 94
13 95
13 96
13 87
13 88
13 89
13 90
13 91
13 92
13 87
13 88
13 89
13 89
13 86
13 87
13 88
13 89
12 86
13 86
12 86
13 86
14 86
15 86
16 86
13 86
14 86
15 86
16 86
13 86
14 86
15 86
16 86
17 86
18 86
18 86
19 86
20 86
20 86
20 87
20 88
20 89
20 90
20 91
20 87
20 88
20 89
20 90
20 91
20 87
20 88
20 89
20 90
20 91
20 91
20 92
20 93
20 94
20 94
20 95
20 96
20 97
>>>>>>> 2ea9f76614ff0e11ef56b1200f2c9885645d2024
